         100         100
   3.17609125905568        3.19617618503997        3.21642983087625     
   3.23678909940929        3.25695815256093        3.27715061396380     
   3.29732271420530        3.31743649653510        3.33765889102614     
   3.35793484700045        3.37803432245733        3.39828730535740     
   3.41846702094660        3.43870053290074        3.45893986189033     
   3.47914324797861        3.49927458189222        3.51956550088051     
   3.53970323894783        3.55990662503611        3.58012632541158     
   3.60031932975166        3.62055244472944        3.64077947734486     
   3.66096029177608        3.68115074993242        3.70130888522807     
   3.72156331835748        3.74178169614317        3.76192783842053     
   3.78218586649202        3.80236317430955        3.82256033694269     
   3.84273401894827        3.86296575897776        3.88315019968328     
   3.90336133625532        3.92355485806755        3.94379119892930     
   3.96397660999661        3.98416712714699        4.00436437110775     
   4.02456775719604        4.04477487425644        4.06498182169731     
   4.08518350805278        4.10537391414385        4.12557884900218     
   4.14578667017415        4.16598582277445        4.18619324992035     
   4.20639406443087        4.22659990520736        4.24679391877515     
   4.26700736966435        4.28719687846623        4.30741045421367     
   4.32760411381432        4.34781771270891        4.36800780522117     
   4.38820780742514        4.40840957846843        4.42862067267194     
   4.44881449366952        4.46902630775086        4.48922701222274     
   4.50943103824372        4.52962281813344        4.54982445493524     
   4.57002895420665        4.59022862124016        4.61043657161851     
   4.63064140997085        4.65084156146438        4.67104318321810     
   4.69124067477303        4.71144446276386        4.73164516340536     
   4.75184854949365        4.77205018781323        4.79225157190326     
   4.81245209147799        4.83265578159134        4.85285800685551     
   4.87305889979970        4.89326228588799        4.91346415753879     
   4.93366947109206        4.95387078734545        4.97406934378063     
   4.99427314897317        5.01447433475959        5.03467657523175     
   5.05487722745116        5.07507956969406        5.09528445037837     
   5.11548403203030        5.13568590498122        5.15588842445210     
   5.17609125905568     
  -4.00000000000000       -3.87582194452532       -3.75153628244897     
  -3.62727205911440       -3.50293206360150       -3.37871983244959     
  -3.25445679800198       -3.13024040521759       -3.00599096687639     
  -2.88173527391052       -2.75745857170162       -2.63320361671327     
  -2.50891858657681       -2.38468134338852       -2.26042765554991     
  -2.13620146131950       -2.01197643807134       -1.88773023158273     
  -1.76346273851131       -1.63921731012672       -1.51498878542143     
  -1.39072582759541       -1.26640153903866       -1.14218522202899     
  -1.01790976070421      -0.893809102736585      -0.769551078621726     
 -0.645123577483766      -0.520856752021387      -0.396639075651619     
 -0.272377422030863      -0.148191485771763      -2.392526838012604E-002
  0.100370545117563       0.224533062606086       0.348888723071438     
  0.473048805088538       0.597366050266028       0.721645766289746     
  0.845841907421757       0.970114322285097        1.09447112864164     
   1.21853550521653        1.34281731463573        1.46716396596909     
   1.59139855128125        1.71566914240099        1.83985498460188     
   1.96411814315148        2.08849047018240        2.21272015441784     
   2.33685982091681        2.46119828862249        2.58534791109459     
   2.70969386972779        2.83391171507138        2.95818149756495     
   3.08242630086077        3.20655604409903        3.33081946649584     
   3.45514952117983        3.57944059713980        3.70363523758390     
   3.82795052830263        3.95216257421446        4.07627625540422     
   4.20057692675485        4.32489949705231        4.44916973216520     
   4.57345182203549        4.69766516264767        4.82197181764204     
   4.94620655384278        5.07040732174012        5.19479175772192     
   5.31889771462749        5.44326298745870        5.56749689110422     
   5.69170020829016        5.81597600097199        5.94021755559974     
   6.06445798922692        6.18864729599972        6.31302311032324     
   6.43727479741012        6.56145917124192        6.68574173860226     
   6.80996352171401        6.93424588102307        7.05842602445701     
   7.18269990333604        7.30706795066130        7.43120288455652     
   7.55545721720465        7.67979117098035        7.80400305472961     
   7.92829341223220        8.05269394192497        8.17666993266815     
   8.30102999566398     
   4224   4224   4224   4224   4224   4224   4224   4224   4224   4224   4224
   4224   4224   4224   4224   4224   4224   4224   4224   4224   4224   4224
   4224   4224   4224   4224   4224   4224   4224   4224   4224   4224   4224
   4224   4224   4224   4224   4224   4224   4224   4224   4224   4224   4224
   4224   4224   4224   4224   4224   4224   4224   4224   4224   4224   4224
   4224   4224   4224   4224   4223   4224   4223   4223   4223   4223   4223
   4223   4223   4222   4222   4223   4223   4223   4224   4224   4226   4228
   4230   4231   4234   4241   4240   4243   4245   4247   4248   4248   4247
   4244   4241   4237   4231   4224   4214   4201   4185   4166   4141   4111
   4077
   4225   4225   4225   4225   4225   4225   4225   4225   4225   4225   4225
   4225   4225   4225   4225   4225   4225   4225   4225   4225   4225   4225
   4225   4225   4225   4225   4225   4225   4225   4225   4225   4225   4225
   4225   4225   4225   4225   4225   4225   4225   4225   4225   4225   4225
   4225   4225   4225   4225   4225   4225   4225   4225   4225   4225   4225
   4225   4225   4225   4225   4225   4225   4225   4225   4225   4225   4225
   4225   4225   4225   4225   4224   4224   4225   4225   4226   4227   4229
   4230   4232   4234   4240   4250   4244   4247   4248   4249   4249   4248
   4245   4242   4238   4233   4225   4216   4203   4188   4168   4145   4115
   4082
   4226   4226   4226   4226   4226   4226   4226   4226   4226   4226   4226
   4226   4226   4226   4226   4226   4226   4226   4226   4226   4226   4226
   4226   4226   4226   4226   4226   4226   4226   4226   4226   4226   4226
   4226   4226   4226   4226   4226   4226   4226   4226   4226   4226   4226
   4226   4226   4226   4226   4226   4226   4226   4226   4226   4226   4226
   4226   4226   4226   4226   4226   4226   4226   4226   4226   4226   4226
   4226   4226   4226   4226   4226   4227   4226   4226   4227   4228   4230
   4231   4233   4235   4240   4249   4245   4247   4249   4250   4250   4248
   4246   4243   4239   4234   4227   4217   4205   4190   4171   4148   4119
   4086
   4224   4225   4225   4226   4226   4226   4226   4227   4227   4227   4227
   4227   4227   4227   4227   4227   4227   4227   4227   4227   4227   4227
   4227   4227   4227   4227   4227   4227   4227   4227   4227   4227   4227
   4227   4227   4227   4227   4227   4227   4227   4227   4227   4227   4227
   4227   4227   4227   4227   4227   4227   4227   4227   4227   4227   4227
   4227   4227   4227   4227   4227   4227   4227   4227   4227   4227   4227
   4227   4227   4227   4227   4227   4228   4228   4227   4228   4229   4231
   4233   4234   4236   4239   4248   4245   4249   4250   4251   4251   4250
   4247   4244   4240   4235   4228   4219   4207   4193   4174   4151   4123
   4090
   4222   4222   4223   4224   4224   4225   4225   4226   4226   4227   4227
   4227   4228   4228   4228   4228   4228   4229   4229   4229   4229   4229
   4229   4229   4229   4229   4229   4229   4229   4229   4229   4229   4229
   4229   4229   4229   4229   4229   4229   4229   4229   4229   4229   4229
   4229   4229   4229   4229   4229   4229   4229   4229   4229   4229   4229
   4229   4229   4229   4229   4229   4229   4229   4228   4229   4229   4229
   4229   4229   4229   4229   4229   4229   4229   4230   4230   4230   4232
   4234   4235   4237   4240   4248   4246   4249   4250   4252   4252   4251
   4249   4246   4241   4236   4229   4220   4209   4195   4176   4154   4127
   4094
   4220   4222   4222   4222   4222   4223   4223   4223   4224   4225   4226
   4226   4227   4227   4228   4228   4229   4229   4229   4229   4230   4230
   4230   4230   4230   4230   4230   4230   4231   4231   4231   4231   4231
   4231   4231   4231   4231   4231   4231   4231   4231   4231   4231   4231
   4231   4231   4231   4231   4231   4231   4231   4231   4231   4231   4231
   4231   4231   4231   4231   4230   4230   4230   4230   4230   4230   4230
   4230   4230   4230   4230   4230   4231   4231   4231   4232   4232   4234
   4235   4236   4238   4241   4246   4246   4250   4251   4252   4253   4252
   4250   4247   4243   4237   4230   4222   4211   4197   4179   4157   4130
   4099
   4221   4221   4221   4221   4222   4222   4222   4223   4223   4223   4224
   4224   4224   4225   4225   4225   4227   4227   4228   4228   4229   4229
   4230   4230   4230   4231   4231   4231   4231   4231   4231   4232   4232
   4232   4232   4232   4232   4232   4232   4232   4232   4232   4232   4232
   4232   4232   4232   4232   4232   4232   4232   4232   4232   4232   4232
   4232   4232   4232   4232   4232   4232   4232   4232   4232   4232   4232
   4232   4232   4232   4232   4232   4232   4232   4233   4233   4234   4235
   4237   4237   4239   4241   4245   4257   4251   4252   4253   4253   4253
   4251   4248   4244   4239   4233   4223   4212   4199   4181   4160   4134
   4102
   4206   4210   4214   4217   4218   4220   4221   4222   4222   4223   4223
   4223   4223   4225   4225   4225   4225   4226   4226   4227   4227   4228
   4229   4230   4230   4230   4231   4231   4232   4232   4232   4233   4233
   4233   4233   4234   4234   4234   4234   4234   4234   4234   4234   4234
   4234   4234   4234   4234   4234   4234   4234   4234   4234   4234   4234
   4234   4234   4234   4234   4234   4234   4234   4234   4234   4233   4234
   4234   4233   4234   4234   4234   4234   4234   4234   4235   4235   4236
   4238   4240   4240   4242   4246   4257   4251   4252   4254   4254   4254
   4252   4249   4245   4240   4234   4225   4215   4201   4184   4162   4137
   4106
   4139   4154   4166   4177   4186   4194   4200   4206   4210   4214   4217
   4219   4221   4222   4223   4224   4224   4225   4225   4226   4226   4227
   4227   4228   4228   4228   4229   4230   4231   4231   4232   4232   4233
   4233   4233   4234   4234   4234   4235   4235   4235   4235   4235   4235
   4236   4236   4236   4236   4236   4236   4236   4236   4236   4236   4236
   4236   4236   4235   4235   4236   4236   4235   4236   4235   4235   4235
   4235   4235   4235   4235   4235   4236   4236   4236   4236   4237   4238
   4239   4241   4243   4244   4247   4255   4252   4255   4255   4255   4255
   4253   4250   4246   4241   4235   4227   4216   4203   4187   4166   4140
   4110
   3976   4009   4038   4064   4087   4108   4126   4142   4156   4168   4179
   4188   4195   4202   4207   4212   4215   4218   4221   4222   4224   4225
   4225   4226   4228   4228   4228   4229   4229   4230   4230   4231   4231
   4232   4233   4233   4234   4234   4235   4235   4236   4236   4236   4237
   4237   4237   4237   4237   4237   4237   4238   4238   4238   4238   4238
   4238   4238   4238   4238   4238   4237   4237   4237   4237   4237   4237
   4237   4237   4237   4237   4237   4237   4238   4238   4238   4239   4239
   4241   4242   4244   4246   4249   4254   4252   4256   4256   4256   4256
   4254   4251   4248   4243   4236   4228   4218   4205   4189   4169   4144
   4115
   3674   3731   3784   3833   3879   3921   3959   3993   4024   4052   4077
   4099   4118   4136   4151   4164   4175   4185   4193   4200   4206   4211
   4215   4219   4221   4223   4225   4226   4227   4229   4230   4230   4231
   4231   4232   4232   4233   4233   4235   4235   4236   4236   4237   4237
   4238   4238   4238   4239   4239   4239   4239   4240   4240   4240   4240
   4240   4240   4240   4240   4240   4240   4240   4240   4240   4240   4240
   4240   4240   4240   4240   4240   4240   4240   4240   4241   4241   4241
   4243   4244   4246   4247   4250   4255   4254   4257   4257   4258   4257
   4255   4252   4249   4244   4238   4230   4219   4207   4191   4171   4147
   4118
   3247   3318   3389   3459   3528   3593   3655   3714   3769   3819   3867
   3910   3949   3985   4017   4046   4072   4094   4115   4132   4148   4161
   4173   4184   4192   4200   4206   4211   4216   4219   4222   4224   4226
   4228   4230   4231   4232   4233   4233   4234   4234   4235   4235   4237
   4237   4238   4238   4239   4239   4240   4240   4241   4241   4241   4241
   4242   4242   4242   4242   4242   4242   4242   4242   4242   4242   4242
   4242   4242   4242   4242   4242   4242   4242   4242   4243   4243   4244
   4245   4246   4248   4249   4251   4256   4265   4258   4258   4259   4258
   4257   4254   4250   4245   4239   4231   4221   4208   4193   4173   4150
   4121
   2863   2916   2973   3035   3101   3171   3242   3314   3386   3457   3525
   3591   3654   3714   3769   3820   3867   3911   3950   3986   4019   4048
   4073   4096   4116   4134   4150   4164   4175   4185   4194   4202   4208
   4213   4217   4221   4224   4227   4229   4231   4233   4234   4235   4235
   4236   4237   4237   4238   4239   4240   4241   4241   4242   4242   4243
   4243   4243   4244   4244   4244   4244   4244   4244   4244   4245   4245
   4245   4245   4245   4245   4245   4245   4245   4245   4245   4246   4246
   4247   4249   4250   4252   4253   4258   4265   4260   4260   4261   4260
   4258   4255   4252   4247   4241   4233   4223   4210   4195   4175   4152
   4124
   2655   2674   2700   2731   2769   2814   2865   2920   2979   3043   3111
   3182   3254   3327   3400   3471   3540   3606   3668   3727   3782   3833
   3880   3922   3961   3996   4028   4056   4081   4103   4123   4140   4156
   4168   4180   4190   4198   4205   4211   4216   4221   4224   4227   4231
   4233   4234   4235   4237   4238   4238   4239   4240   4241   4242   4243
   4244   4244   4245   4245   4245   4246   4246   4246   4246   4247   4247
   4247   4247   4247   4247   4247   4247   4247   4248   4248   4248   4249
   4249   4251   4253   4254   4255   4258   4266   4262   4265   4262   4262
   4260   4257   4254   4249   4242   4234   4225   4212   4197   4178   4155
   4127
   2601   2603   2607   2613   2622   2635   2652   2674   2703   2738   2779
   2828   2882   2939   3002   3069   3139   3212   3286   3359   3432   3503
   3571   3636   3698   3755   3808   3858   3903   3944   3981   4014   4044
   4071   4095   4116   4134   4150   4164   4177   4187   4196   4204   4211
   4216   4221   4225   4229   4232   4235   4236   4238   4239   4241   4242
   4242   4243   4245   4246   4246   4247   4247   4248   4248   4249   4249
   4249   4250   4250   4250   4250   4250   4250   4251   4251   4251   4252
   4252   4254   4255   4257   4258   4260   4268   4264   4266   4265   4264
   4262   4259   4255   4251   4244   4236   4226   4214   4199   4179   4157
   4130
   2586   2587   2587   2587   2588   2590   2592   2596   2601   2609   2621
   2637   2657   2684   2717   2757   2805   2858   2915   2977   3044   3115
   3188   3262   3337   3411   3483   3552   3619   3682   3741   3796   3846
   3893   3935   3974   4008   4039   4067   4092   4113   4132   4149   4164
   4176   4187   4197   4205   4212   4218   4223   4228   4232   4235   4237
   4239   4241   4243   4244   4245   4246   4248   4249   4249   4250   4251
   4251   4251   4252   4252   4253   4253   4253   4253   4254   4254   4255
   4255   4256   4258   4260   4260   4262   4268   4266   4268   4268   4267
   4264   4261   4258   4253   4246   4238   4228   4216   4201   4182   4159
   4133
   2573   2573   2573   2573   2573   2574   2574   2575   2575   2577   2579
   2581   2585   2591   2599   2610   2626   2646   2673   2706   2746   2794
   2847   2905   2968   3036   3107   3181   3257   3332   3407   3480   3550
   3617   3681   3741   3796   3847   3894   3937   3975   4010   4041   4069
   4094   4116   4135   4152   4166   4179   4190   4200   4208   4215   4221
   4227   4231   4235   4238   4241   4243   4245   4246   4248   4249   4251
   4252   4253   4253   4254   4254   4255   4255   4256   4256   4257   4257
   4258   4259   4261   4262   4263   4265   4269   4269   4270   4270   4269
   4267   4264   4260   4255   4248   4240   4230   4218   4203   4184   4161
   4135
   2560   2560   2560   2560   2560   2560   2560   2560   2561   2561   2561
   2562   2563   2564   2566   2568   2571   2575   2582   2591   2603   2619
   2640   2668   2702   2744   2793   2847   2906   2971   3041   3114   3189
   3265   3341   3416   3490   3560   3628   3691   3751   3806   3857   3903
   3946   3984   4018   4049   4076   4101   4122   4141   4157   4172   4184
   4195   4204   4213   4220   4226   4231   4236   4239   4242   4245   4247
   4249   4251   4252   4254   4255   4256   4257   4258   4258   4259   4260
   4260   4262   4264   4265   4266   4268   4271   4281   4273   4273   4272
   4270   4267   4263   4257   4251   4242   4232   4220   4205   4186   4163
   4137
   2548   2548   2548   2548   2548   2548   2548   2548   2548   2548   2549
   2549   2549   2549   2550   2551   2551   2553   2554   2556   2559   2563
   2569   2576   2587   2600   2619   2643   2673   2710   2755   2807   2863
   2925   2992   3064   3139   3215   3293   3369   3444   3517   3587   3654
   3716   3775   3829   3878   3923   3964   4001   4034   4063   4089   4113
   4133   4151   4167   4180   4192   4203   4212   4220   4226   4232   4237
   4241   4244   4247   4250   4252   4254   4255   4258   4259   4260   4261
   4263   4264   4266   4268   4269   4270   4274   4282   4275   4275   4274
   4272   4269   4266   4261   4253   4245   4234   4222   4207   4188   4166
   4139
   2538   2538   2538   2538   2538   2538   2538   2538   2538   2538   2538
   2538   2538   2538   2539   2539   2539   2539   2540   2541   2542   2543
   2544   2546   2549   2553   2558   2565   2575   2587   2604   2625   2653
   2687   2729   2778   2832   2892   2958   3029   3103   3180   3258   3335
   3412   3487   3559   3627   3692   3753   3809   3860   3908   3950   3989
   4024   4055   4083   4107   4129   4148   4165   4179   4192   4204   4213
   4221   4228   4235   4240   4244   4248   4251   4254   4256   4259   4261
   4263   4265   4267   4269   4271   4272   4276   4283   4278   4279   4277
   4275   4272   4268   4263   4256   4248   4237   4224   4209   4190   4168
   4141
   2529   2529   2529   2529   2529   2529   2529   2529   2529   2529   2529
   2529   2529   2529   2529   2530   2530   2530   2530   2530   2531   2531
   2532   2532   2533   2535   2536   2538   2541   2545   2550   2557   2566
   2578   2594   2614   2640   2673   2713   2760   2813   2872   2936   3007
   3081   3158   3236   3315   3392   3468   3541   3611   3677   3739   3797
   3850   3899   3943   3983   4019   4051   4079   4105   4127   4147   4164
   4179   4193   4205   4215   4223   4231   4237   4242   4247   4251   4255
   4258   4261   4266   4268   4271   4272   4275   4282   4279   4280   4278
   4277   4274   4270   4265   4258   4250   4239   4227   4211   4193   4170
   4144
   2522   2522   2522   2522   2522   2522   2522   2522   2522   2522   2522
   2522   2522   2522   2522   2523   2523   2523   2523   2523   2523   2523
   2524   2524   2524   2525   2525   2526   2527   2529   2530   2533   2536
   2540   2545   2552   2561   2574   2589   2609   2635   2667   2707   2754
   2806   2864   2929   2999   3074   3151   3230   3309   3387   3464   3538
   3608   3675   3738   3796   3850   3899   3943   3984   4020   4053   4081
   4107   4130   4150   4168   4183   4197   4208   4219   4227   4235   4242
   4248   4253   4258   4263   4266   4270   4273   4281   4279   4280   4279
   4278   4275   4271   4266   4259   4251   4240   4228   4213   4194   4172
   4146
   2516   2516   2516   2516   2516   2516   2516   2516   2516   2516   2516
   2516   2516   2516   2516   2516   2517   2517   2517   2517   2517   2517
   2517   2517   2518   2518   2518   2519   2519   2520   2521   2522   2523
   2524   2526   2529   2533   2537   2543   2550   2560   2573   2589   2610
   2636   2669   2709   2757   2809   2868   2933   3004   3079   3157   3236
   3316   3394   3471   3545   3616   3683   3745   3803   3857   3906   3950
   3990   4026   4059   4087   4113   4136   4156   4174   4189   4202   4214
   4224   4233   4242   4250   4256   4261   4266   4274   4275   4277   4277
   4277   4275   4271   4267   4260   4252   4241   4228   4213   4195   4173
   4147
   2514   2514   2514   2514   2514   2514   2514   2514   2514   2514   2514
   2514   2514   2514   2514   2514   2514   2514   2514   2514   2515   2515
   2515   2515   2515   2515   2515   2516   2516   2516   2517   2517   2518
   2519   2520   2521   2523   2525   2527   2531   2535   2540   2546   2555
   2566   2579   2597   2619   2647   2682   2723   2771   2825   2885   2952
   3024   3100   3178   3258   3337   3416   3492   3565   3636   3702   3763
   3820   3873   3921   3965   4004   4039   4071   4100   4124   4146   4166
   4183   4198   4212   4224   4234   4243   4251   4261   4264   4268   4270
   4272   4271   4269   4264   4259   4251   4240   4228   4213   4194   4173
   4147
   2514   2514   2514   2514   2514   2514   2514   2514   2514   2514   2514
   2514   2514   2514   2514   2514   2514   2514   2514   2514   2514   2515
   2515   2515   2515   2515   2515   2515   2516   2516   2516   2517   2517
   2518   2518   2519   2520   2521   2523   2524   2527   2529   2532   2536
   2541   2548   2556   2565   2578   2594   2613   2638   2668   2705   2749
   2797   2853   2916   2984   3057   3134   3213   3293   3372   3450   3525
   3597   3666   3730   3791   3846   3897   3943   3985   4023   4058   4088
   4115   4139   4160   4179   4196   4210   4222   4236   4244   4252   4256
   4260   4261   4261   4258   4254   4247   4237   4225   4211   4193   4171
   4146
   2516   2516   2516   2516   2516   2516   2516   2516   2516   2516   2516
   2516   2517   2517   2517   2517   2517   2517   2517   2517   2517   2517
   2517   2517   2517   2517   2517   2517   2518   2518   2518   2518   2519
   2519   2520   2520   2521   2522   2523   2524   2525   2527   2529   2531
   2534   2538   2542   2547   2554   2562   2572   2584   2599   2617   2640
   2667   2701   2741   2785   2837   2896   2960   3031   3105   3183   3261
   3340   3419   3495   3569   3639   3706   3768   3825   3878   3928   3972
   4012   4047   4079   4109   4134   4156   4176   4195   4217   4222   4231
   4238   4243   4245   4246   4243   4238   4230   4219   4206   4188   4168
   4143
   2522   2522   2522   2522   2522   2522   2522   2522   2522   2522   2523
   2523   2523   2523   2523   2523   2523   2523   2523   2523   2523   2523
   2523   2523   2523   2523   2523   2523   2524   2524   2524   2524   2524
   2525   2525   2526   2526   2527   2527   2528   2529   2531   2532   2534
   2536   2538   2541   2544   2549   2553   2559   2566   2575   2585   2598
   2613   2631   2653   2680   2711   2748   2790   2838   2893   2954   3021
   3093   3168   3245   3323   3401   3477   3552   3622   3690   3754   3813
   3867   3917   3963   4005   4042   4075   4104   4131   4160   4174   4191
   4203   4212   4219   4222   4224   4222   4216   4208   4195   4180   4160
   4137
   2528   2529   2529   2530   2530   2531   2531   2531   2532   2532   2532
   2532   2532   2532   2532   2532   2532   2532   2532   2532   2533   2533
   2533   2533   2533   2533   2533   2533   2533   2533   2533   2534   2534
   2534   2534   2535   2535   2536   2536   2537   2538   2539   2540   2541
   2542   2544   2546   2549   2552   2555   2560   2564   2570   2577   2585
   2595   2606   2619   2635   2654   2677   2703   2734   2769   2809   2854
   2906   2964   3028   3096   3168   3243   3319   3395   3472   3545   3616
   3683   3747   3806   3861   3912   3958   3999   4037   4074   4101   4126
   4146   4162   4175   4184   4191   4193   4192   4186   4177   4164   4147
   4125
   2524   2529   2532   2535   2537   2539   2540   2541   2541   2542   2543
   2543   2543   2543   2544   2544   2544   2544   2544   2544   2544   2545
   2545   2545   2545   2545   2545   2545   2545   2545   2545   2546   2546
   2546   2546   2546   2547   2547   2548   2548   2549   2549   2550   2551
   2553   2554   2556   2558   2560   2563   2566   2569   2574   2579   2585
   2592   2600   2609   2620   2633   2648   2666   2686   2710   2737   2767
   2801   2841   2885   2935   2991   3051   3116   3186   3258   3331   3405
   3478   3549   3618   3685   3748   3806   3860   3910   3959   3998   4033
   4064   4090   4111   4128   4141   4150   4154   4154   4149   4140   4126
   4108
   2475   2493   2508   2520   2529   2536   2542   2546   2549   2552   2553
   2555   2556   2557   2558   2558   2559   2559   2560   2560   2560   2560
   2560   2560   2560   2561   2561   2561   2561   2561   2561   2561   2562
   2562   2562   2562   2562   2563   2563   2564   2564   2565   2565   2566
   2567   2568   2569   2571   2573   2575   2577   2580   2584   2588   2592
   2597   2604   2611   2619   2629   2640   2653   2668   2685   2705   2727
   2753   2780   2811   2847   2887   2931   2981   3034   3093   3155   3220
   3288   3357   3427   3498   3567   3633   3696   3756   3815   3866   3913
   3955   3991   4023   4050   4071   4088   4099   4106   4107   4103   4095
   4081
   2318   2361   2399   2432   2461   2485   2505   2521   2534   2544   2552
   2558   2563   2566   2569   2571   2573   2574   2575   2576   2577   2578
   2578   2578   2579   2579   2579   2579   2579   2580   2580   2580   2580
   2580   2580   2581   2581   2581   2582   2582   2582   2583   2583   2584
   2585   2586   2587   2588   2589   2591   2593   2595   2598   2601   2605
   2609   2614   2619   2626   2634   2643   2653   2664   2678   2693   2710
   2730   2752   2776   2802   2832   2866   2903   2944   2988   3037   3089
   3145   3204   3266   3330   3396   3462   3527   3591   3655   3721   3770
   3821   3869   3911   3947   3978   4004   4024   4039   4049   4052   4050
   4042
   2056   2116   2174   2230   2284   2333   2377   2415   2449   2478   2503
   2523   2540   2553   2563   2572   2578   2583   2587   2590   2592   2594
   2596   2597   2598   2598   2599   2600   2600   2600   2601   2601   2601
   2601   2602   2602   2602   2602   2603   2603   2603   2604   2604   2605
   2605   2606   2607   2608   2609   2610   2612   2614   2616   2618   2621
   2625   2629   2633   2639   2645   2652   2660   2669   2680   2692   2706
   2722   2740   2760   2781   2806   2832   2862   2894   2929   2968   3010
   3055   3103   3154   3208   3265   3324   3384   3444   3506   3572   3625
   3681   3733   3782   3827   3866   3900   3930   3954   3972   3984   3990
   3990
   1787   1846   1904   1963   2023   2083   2143   2201   2257   2310   2359
   2402   2441   2475   2503   2528   2548   2564   2577   2588   2596   2602
   2607   2611   2614   2616   2618   2620   2621   2622   2623   2623   2624
   2624   2625   2625   2625   2626   2626   2626   2627   2627   2627   2628
   2628   2629   2630   2631   2631   2633   2634   2635   2637   2639   2641
   2644   2647   2651   2655   2660   2666   2673   2680   2689   2699   2711
   2723   2738   2756   2774   2794   2816   2840   2866   2896   2927   2962
   2999   3039   3082   3128   3176   3226   3279   3332   3387   3447   3497
   3552   3604   3654   3703   3746   3787   3822   3852   3879   3899   3913
   3922
   1560   1610   1664   1716   1772   1829   1887   1945   2004   2065   2125
   2185   2243   2298   2350   2397   2439   2476   2508   2536   2559   2578
   2593   2606   2615   2623   2629   2634   2637   2640   2642   2644   2645
   2647   2648   2648   2649   2650   2650   2651   2651   2651   2652   2652
   2653   2653   2654   2655   2656   2657   2657   2659   2660   2662   2664
   2666   2668   2671   2675   2679   2684   2689   2695   2702   2711   2721
   2732   2744   2758   2773   2790   2809   2829   2852   2876   2904   2933
   2965   2999   3036   3076   3117   3161   3206   3252   3301   3352   3399
   3449   3499   3545   3591   3635   3677   3715   3749   3780   3806   3827
   3842
   1462   1485   1513   1545   1582   1625   1672   1721   1775   1829   1885
   1942   2001   2060   2121   2181   2240   2296   2350   2399   2445   2485
   2519   2549   2575   2596   2613   2627   2638   2646   2653   2659   2663
   2666   2669   2671   2672   2674   2675   2676   2676   2677   2678   2678
   2679   2680   2680   2681   2682   2682   2683   2684   2686   2687   2688
   2690   2693   2696   2699   2702   2706   2710   2715   2721   2728   2735
   2744   2754   2766   2779   2793   2809   2827   2846   2867   2890   2917
   2944   2974   3006   3040   3076   3115   3154   3195   3240   3286   3328
   3373   3417   3461   3502   3543   3582   3620   3655   3687   3715   3740
   3761
   1484   1495   1506   1518   1533   1550   1571   1597   1627   1662   1701
   1746   1794   1846   1900   1956   2013   2071   2131   2191   2249   2307
   2362   2412   2458   2500   2536   2568   2594   2616   2634   2649   2661
   2670   2677   2683   2688   2691   2695   2697   2699   2700   2702   2703
   2704   2705   2705   2706   2707   2708   2709   2710   2711   2712   2713
   2715   2716   2718   2721   2723   2727   2730   2734   2739   2745   2751
   2758   2767   2776   2787   2799   2814   2829   2845   2863   2883   2905
   2929   2955   2985   3015   3047   3081   3117   3154   3193   3235   3274
   3314   3354   3395   3432   3470   3507   3542   3576   3606   3636   3662
   3685
   1503   1522   1538   1550   1562   1573   1584   1595   1608   1623   1640
   1661   1685   1714   1748   1786   1830   1877   1927   1981   2037   2095
   2153   2212   2270   2327   2382   2433   2479   2521   2558   2590   2617
   2639   2657   2672   2685   2694   2702   2707   2712   2716   2718   2721
   2723   2724   2726   2727   2728   2729   2730   2731   2732   2733   2734
   2736   2737   2740   2742   2744   2747   2750   2753   2757   2762   2767
   2773   2780   2788   2797   2807   2819   2832   2846   2862   2879   2898
   2919   2942   2968   2995   3024   3054   3086   3121   3156   3194   3234
   3267   3304   3341   3376   3411   3445   3478   3509   3539   3568   3595
   3619
   1423   1461   1498   1530   1558   1583   1604   1622   1637   1650   1662
   1674   1686   1698   1714   1731   1752   1777   1806   1841   1879   1922
   1969   2020   2074   2130   2187   2245   2303   2360   2413   2464   2510
   2551   2588   2620   2646   2668   2685   2700   2712   2721   2728   2734
   2738   2742   2746   2748   2750   2752   2753   2755   2756   2757   2759
   2760   2762   2764   2765   2767   2770   2772   2775   2778   2782   2786
   2791   2797   2804   2811   2821   2830   2841   2853   2866   2881   2898
   2916   2936   2958   2981   3008   3035   3064   3095   3128   3163   3199
   3229   3264   3298   3330   3362   3394   3425   3455   3483   3510   3537
   3562
   1321   1354   1389   1428   1465   1503   1541   1576   1609   1639   1665
   1687   1705   1721   1736   1749   1762   1775   1789   1805   1824   1846
   1872   1903   1937   1977   2022   2070   2122   2176   2232   2288   2345
   2400   2453   2503   2548   2588   2623   2653   2678   2699   2717   2730
   2741   2751   2758   2763   2768   2772   2775   2778   2780   2781   2784
   2786   2787   2789   2790   2792   2795   2797   2800   2803   2806   2809
   2814   2818   2824   2831   2838   2846   2855   2865   2876   2889   2903
   2918   2936   2955   2976   2998   3023   3049   3077   3106   3138   3170
   3198   3229   3262   3291   3321   3351   3380   3408   3435   3461   3488
   3514
   1339   1350   1363   1380   1399   1424   1452   1483   1519   1557   1592
   1627   1662   1694   1723   1748   1771   1790   1807   1823   1837   1851
   1865   1880   1898   1919   1942   1971   2004   2041   2083   2129   2179
   2232   2286   2341   2396   2450   2501   2548   2591   2630   2663   2691
   2714   2734   2750   2763   2774   2782   2788   2794   2799   2803   2806
   2809   2812   2814   2817   2819   2820   2823   2826   2828   2831   2834
   2838   2843   2847   2852   2858   2865   2873   2881   2891   2901   2913
   2926   2941   2958   2975   2996   3017   3040   3064   3090   3118   3148
   3173   3202   3232   3259   3286   3314   3341   3368   3394   3420   3446
   3473
   1430   1432   1436   1440   1446   1453   1463   1474   1489   1507   1529
   1555   1584   1616   1651   1687   1719   1752   1783   1811   1836   1858
   1878   1895   1911   1925   1939   1955   1973   1993   2017   2044   2075
   2111   2152   2197   2245   2296   2348   2402   2455   2506   2555   2599
   2640   2676   2706   2732   2754   2771   2786   2797   2807   2815   2821
   2827   2832   2836   2839   2843   2845   2848   2851   2854   2857   2860
   2863   2867   2872   2876   2881   2887   2893   2900   2909   2918   2927
   2939   2951   2966   2981   2998   3017   3036   3057   3080   3106   3129
   3154   3180   3208   3233   3257   3283   3308   3334   3359   3384   3411
   3438
   1536   1537   1539   1540   1542   1544   1546   1550   1554   1559   1566
   1575   1585   1599   1616   1637   1661   1689   1719   1751   1785   1817
   1848   1877   1903   1926   1947   1966   1983   1999   2015   2031   2049
   2070   2093   2120   2151   2186   2226   2270   2317   2367   2418   2469
   2521   2570   2615   2656   2694   2726   2753   2776   2795   2811   2824
   2835   2844   2852   2858   2864   2868   2873   2877   2880   2884   2888
   2891   2895   2899   2903   2908   2913   2919   2924   2932   2939   2948
   2958   2968   2980   2994   3008   3022   3039   3057   3079   3101   3120
   3143   3166   3190   3215   3237   3260   3284   3308   3334   3359   3388
   3418
   1629   1634   1637   1640   1642   1644   1646   1647   1649   1651   1653
   1656   1659   1663   1668   1675   1684   1695   1709   1724   1744   1768
   1794   1824   1855   1887   1917   1944   1971   1996   2018   2038   2056
   2073   2090   2107   2126   2147   2170   2198   2229   2264   2304   2348
   2394   2443   2492   2541   2590   2635   2677   2714   2747   2776   2800
   2820   2837   2852   2863   2873   2882   2889   2896   2902   2907   2912
   2916   2921   2925   2930   2934   2939   2945   2950   2957   2964   2971
   2979   2988   2998   3009   3021   3035   3049   3064   3082   3100   3119
   3138   3159   3180   3203   3223   3244   3266   3290   3314   3340   3369
   3399
   1655   1678   1696   1710   1720   1729   1734   1739   1743   1746   1749
   1751   1753   1755   1757   1759   1762   1766   1770   1776   1783   1792
   1803   1817   1834   1854   1877   1903   1931   1960   1989   2018   2044
   2068   2091   2111   2130   2148   2166   2184   2203   2225   2250   2279
   2311   2347   2386   2430   2476   2523   2571   2617   2661   2702   2740
   2773   2802   2827   2848   2865   2881   2894   2905   2915   2924   2931
   2938   2945   2950   2956   2961   2967   2973   2979   2984   2991   2997
   3005   3013   3021   3031   3041   3053   3065   3079   3095   3109   3124
   3142   3159   3179   3200   3217   3238   3259   3281   3305   3332   3361
   3392
   1477   1545   1604   1654   1697   1731   1759   1782   1799   1813   1824
   1833   1839   1844   1848   1851   1854   1856   1859   1861   1864   1867
   1871   1876   1882   1890   1899   1911   1926   1943   1963   1986   2011
   2038   2066   2094   2120   2143   2166   2186   2205   2224   2242   2262
   2283   2306   2332   2361   2395   2432   2473   2516   2561   2607   2651
   2694   2735   2772   2805   2833   2858   2880   2899   2915   2930   2942
   2954   2964   2973   2982   2989   2997   3003   3010   3017   3023   3030
   3037   3045   3053   3061   3070   3081   3091   3104   3115   3129   3143
   3157   3173   3191   3210   3226   3246   3265   3287   3311   3338   3368
   3400
   1061   1163   1262   1357   1445   1526   1599   1664   1721   1768   1808
   1841   1867   1888   1904   1917   1927   1935   1941   1946   1949   1952
   1955   1957   1960   1963   1967   1971   1977   1984   1993   2003   2016
   2032   2051   2072   2095   2120   2146   2173   2198   2221   2243   2263
   2282   2302   2321   2341   2363   2389   2416   2448   2483   2522   2563
   2605   2649   2692   2733   2773   2809   2841   2870   2896   2918   2939
   2957   2973   2988   3000   3012   3024   3033   3043   3051   3059   3067
   3075   3083   3091   3100   3108   3118   3128   3137   3148   3160   3172
   3186   3201   3218   3234   3250   3269   3288   3310   3334   3361   3391
   3423
    574    680    788    896   1004   1112   1216   1318   1415   1506   1590
   1667   1735   1795   1847   1890   1925   1953   1976   1994   2008   2019
   2028   2035   2040   2044   2048   2052   2055   2058   2062   2066   2071
   2078   2086   2096   2108   2123   2140   2160   2181   2205   2229   2254
   2278   2300   2322   2342   2362   2381   2402   2424   2448   2475   2505
   2539   2575   2615   2656   2698   2739   2779   2817   2853   2885   2915
   2941   2966   2988   3008   3025   3042   3058   3071   3084   3095   3107
   3117   3126   3136   3145   3154   3163   3173   3183   3193   3204   3216
   3228   3242   3259   3272   3289   3307   3327   3349   3373   3400   3429
   3462
    142    233    330    430    533    640    749    858    969   1078   1187
   1293   1395   1493   1585   1671   1749   1819   1881   1934   1977   2014
   2043   2067   2086   2101   2112   2122   2129   2134   2139   2143   2147
   2151   2155   2159   2164   2171   2179   2188   2200   2214   2230   2249
   2269   2291   2314   2338   2361   2383   2403   2424   2444   2464   2486
   2511   2537   2567   2599   2635   2672   2713   2753   2794   2832   2870
   2905   2938   2969   2998   3024   3048   3070   3091   3109   3126   3142
   3157   3170   3183   3194   3205   3216   3227   3237   3248   3259   3271
   3283   3297   3314   3327   3343   3361   3382   3403   3427   3455   3485
   3518
   -186   -120    -47     33    119    211    309    409    513    620    730
    841    952   1064   1175   1284   1390   1492   1590   1683   1768   1846
   1916   1975   2027   2071   2107   2137   2160   2179   2193   2205   2214
   2221   2227   2232   2236   2240   2244   2249   2255   2261   2269   2279
   2290   2304   2319   2337   2358   2379   2401   2422   2445   2467   2487
   2507   2529   2550   2575   2602   2631   2663   2698   2736   2774   2814
   2854   2893   2931   2967   3002   3034   3064   3093   3120   3145   3168
   3189   3208   3226   3242   3257   3271   3284   3297   3310   3322   3335
   3349   3363   3379   3393   3410   3428   3448   3470   3495   3522   3552
   3585
   -376   -342   -301   -252   -194   -128    -55     26    114    207    305
    408    513    621    732    844    956   1070   1182   1293   1401   1507
   1608   1705   1795   1878   1953   2019   2077   2126   2168   2201   2228
   2250   2267   2281   2292   2300   2307   2313   2318   2323   2327   2332
   2338   2345   2353   2363   2375   2390   2406   2423   2444   2464   2485
   2506   2528   2550   2570   2592   2615   2640   2667   2698   2730   2766
   2803   2842   2883   2923   2963   3003   3041   3078   3113   3147   3178
   3208   3235   3260   3284   3305   3325   3342   3359   3375   3390   3405
   3420   3437   3451   3468   3486   3505   3525   3547   3572   3599   3629
   3661
   -455   -441   -423   -400   -372   -337   -296   -246   -187   -120    -45
     38    127    222    322    426    533    643    754    868    981   1095
   1209   1321   1432   1539   1643   1742   1836   1922   2000   2071   2133
   2186   2231   2268   2298   2323   2342   2357   2369   2379   2387   2393
   2399   2404   2409   2415   2421   2429   2438   2449   2461   2476   2492
   2511   2530   2551   2571   2593   2615   2636   2660   2684   2709   2738
   2769   2803   2841   2880   2920   2963   3005   3049   3090   3132   3172
   3211   3247   3281   3313   3343   3370   3395   3417   3438   3457   3476
   3495   3514   3530   3548   3567   3587   3608   3631   3655   3682   3712
   3744
   -484   -478   -470   -461   -448   -433   -414   -390   -360   -324   -280
   -227   -167    -97    -20     65    156    254    357    462    572    683
    796    910   1025   1140   1255   1368   1479   1587   1693   1793   1889
   1977   2058   2131   2196   2251   2298   2337   2369   2395   2416   2432
   2445   2455   2463   2470   2477   2482   2488   2494   2502   2511   2521
   2532   2546   2562   2579   2597   2617   2638   2659   2681   2705   2729
   2755   2783   2814   2848   2885   2925   2967   3012   3057   3103   3150
   3196   3241   3284   3326   3364   3401   3434   3465   3492   3519   3543
   3566   3587   3608   3629   3650   3671   3693   3717   3742   3769   3798
   3830
   -496   -494   -490   -486   -480   -473   -464   -453   -439   -421   -400
   -373   -340   -301   -253   -197   -133    -60     21    110    205    305
    410    518    629    742    856    972   1088   1204   1319   1432   1544
   1654   1759   1861   1957   2045   2127   2201   2266   2323   2370   2410
   2443   2469   2490   2507   2520   2531   2540   2547   2554   2561   2567
   2574   2583   2593   2604   2617   2632   2649   2667   2687   2708   2730
   2754   2778   2805   2834   2865   2900   2938   2979   3023   3069   3118
   3169   3219   3270   3319   3367   3413   3456   3497   3533   3567   3599
   3629   3655   3680   3705   3729   3752   3777   3801   3827   3855   3885
   3917
   -497   -496   -496   -494   -492   -489   -485   -480   -473   -465   -454
   -441   -424   -404   -379   -348   -311   -266   -213   -153    -83     -5
     81    174    272    376    483    594    706    821    937   1053   1169
   1286   1401   1515   1627   1737   1842   1944   2038   2127   2208   2281
   2346   2401   2448   2488   2520   2545   2566   2583   2596   2606   2615
   2624   2631   2639   2647   2656   2665   2676   2689   2705   2722   2740
   2760   2783   2806   2832   2859   2889   2922   2958   2998   3041   3088
   3138   3190   3245   3300   3355   3409   3461   3511   3557   3601   3641
   3678   3712   3743   3773   3802   3829   3856   3883   3911   3939   3970
   4002
   -483   -486   -488   -489   -490   -490   -489   -487   -485   -482   -477
   -471   -463   -453   -440   -424   -404   -379   -349   -313   -270   -220
   -160    -93    -17     67    157    255    357    464    574    687    801
    918   1035   1152   1268   1385   1500   1614   1726   1835   1939   2039
   2133   2220   2299   2370   2432   2486   2531   2568   2598   2623   2642
   2658   2672   2682   2692   2700   2708   2718   2726   2737   2749   2763
   2779   2797   2817   2838   2862   2889   2918   2949   2985   3023   3066
   3112   3163   3216   3273   3331   3390   3450   3507   3563   3616   3666
   3712   3754   3794   3831   3865   3897   3928   3958   3989   4019   4051
   4084
   -440   -450   -458   -464   -469   -473   -476   -478   -479   -480   -479
   -478   -475   -471   -465   -458   -448   -435   -420   -400   -375   -346
   -310   -267   -217   -159    -92    -17     65    156    252    353    460
    570    682    797    913   1030   1148   1266   1383   1500   1615   1728
   1838   1946   2048   2145   2237   2321   2397   2464   2523   2573   2614
   2649   2677   2700   2718   2734   2746   2757   2766   2776   2786   2797
   2808   2822   2837   2854   2874   2897   2922   2949   2980   3015   3052
   3094   3141   3191   3245   3303   3364   3427   3490   3553   3614   3674
   3729   3780   3829   3874   3915   3954   3990   4025   4059   4092   4126
   4160
   -312   -339   -363   -385   -403   -418   -431   -441   -449   -455   -460
   -463   -465   -466   -465   -463   -460   -455   -448   -438   -426   -410
   -390   -366   -335   -299   -256   -205   -146    -79     -5     78    168
    264    365    471    581    693    808    925   1042   1160   1278   1396
   1513   1629   1743   1855   1964   2069   2168   2262   2349   2429   2499
   2562   2615   2661   2699   2729   2755   2775   2792   2806   2818   2830
   2840   2852   2864   2878   2894   2912   2932   2956   2982   3012   3046
   3083   3125   3171   3222   3277   3337   3400   3465   3531   3598   3665
   3729   3789   3846   3900   3950   3997   4040   4081   4119   4157   4193
   4230
   -137   -159   -184   -212   -242   -272   -301   -329   -354   -376   -395
   -410   -422   -432   -438   -443   -446   -447   -446   -444   -440   -433
   -424   -411   -395   -375   -350   -319   -281   -237   -185   -125    -57
     19    102    192    288    390    496    606    719    834    950   1068
   1187   1305   1423   1541   1657   1772   1885   1994   2100   2202   2297
   2386   2468   2541   2606   2661   2710   2749   2782   2809   2832   2850
   2866   2880   2893   2906   2919   2934   2951   2971   2993   3018   3047
   3079   3117   3158   3205   3256   3312   3373   3437   3504   3574   3645
   3715   3782   3848   3911   3970   4024   4075   4123   4168   4210   4251
   4291
    -47    -54    -63    -74    -88   -106   -126   -150   -176   -205   -236
   -266   -296   -324   -349   -370   -387   -401   -411   -418   -421   -422
   -422   -418   -412   -403   -391   -374   -353   -327   -295   -256   -210
   -156    -94    -25     52    137    229    326    428    534    645    758
    873    989   1108   1226   1345   1463   1581   1697   1813   1926   2036
   2143   2245   2341   2432   2514   2589   2654   2712   2761   2802   2836
   2866   2888   2909   2926   2942   2958   2974   2990   3009   3031   3055
   3083   3116   3152   3194   3240   3292   3349   3411   3476   3545   3618
   3692   3764   3837   3907   3974   4037   4096   4151   4203   4252   4298
   4342
    -12    -14    -16    -19    -23    -27    -34    -42    -52    -65    -80
    -99   -122   -148   -176   -207   -238   -268   -297   -323   -345   -363
   -377   -386   -391   -392   -390   -385   -376   -364   -346   -324   -297
   -262   -222   -173   -118    -53     19     98    185    278    376    479
    587    697    811    927   1044   1162   1280   1399   1518   1635   1752
   1867   1980   2091   2197   2300   2396   2486   2569   2644   2710   2768
   2817   2859   2894   2924   2949   2970   2990   3009   3027   3047   3069
   3093   3121   3153   3189   3231   3278   3331   3388   3450   3517   3589
   3663   3738   3815   3891   3965   4035   4102   4165   4225   4280   4332
   4382
      7      7      6      6      5      4      2      0     -2     -6    -10
    -16    -24    -34    -46    -61    -79   -101   -126   -154   -184   -215
   -245   -274   -300   -321   -338   -349   -355   -355   -351   -343   -331
   -312   -289   -260   -223   -180   -128    -70     -2     72    154    243
    337    438    542    650    762    875    991   1109   1226   1345   1464
   1583   1701   1817   1932   2045   2155   2262   2363   2459   2548   2630
   2705   2771   2828   2877   2919   2955   2985   3011   3035   3058   3080
   3103   3129   3157   3190   3227   3269   3317   3370   3428   3492   3560
   3634   3710   3788   3867   3945   4022   4096   4166   4233   4296   4354
   4410
     21     22     22     22     22     22     22     21     20     20     18
     17     15     12      9      4     -1     -9    -18    -30    -45    -63
    -85   -109   -137   -167   -197   -226   -254   -277   -295   -307   -312
   -311   -304   -291   -273   -247   -215   -176   -129    -74    -11     58
    136    221    312    409    511    617    726    839    953   1068   1187
   1305   1423   1542   1660   1777   1894   2009   2121   2230   2335   2435
   2530   2618   2698   2772   2836   2892   2940   2983   3018   3049   3079
   3106   3132   3160   3191   3224   3263   3307   3355   3410   3469   3535
   3606   3682   3758   3838   3919   4000   4080   4156   4229   4299   4365
   4427
     27     29     31     33     34     35     35     36     36     36     36
     36     35     34     33     33     31     29     26     22     18     12
      4     -6    -18    -33    -52    -74    -99   -126   -154   -182   -209
   -232   -249   -260   -263   -259   -247   -227   -201   -166   -123    -73
    -15     52    126    207    294    388    487    589    697    807    920
   1035   1152   1269   1387   1506   1625   1742   1860   1975   2089   2200
   2309   2412   2512   2605   2690   2769   2840   2903   2958   3006   3048
   3086   3120   3152   3185   3219   3255   3296   3342   3393   3449   3510
   3579   3653   3727   3808   3890   3973   4056   4137   4216   4292   4364
   4433
    -11      2     14     22     29     34     38     41     43     45     46
     47     47     48     48     48     48     47     47     46     45     43
     41     38     34     29     22     14      3    -10    -25    -45    -66
    -91   -117   -143   -167   -187   -201   -208   -206   -195   -175   -147
   -110    -64     -9     53    124    203    288    378    474    575    680
    789    900   1014   1129   1246   1363   1482   1600   1718   1836   1953
   2068   2180   2290   2397   2499   2596   2687   2771   2847   2916   2977
   3032   3080   3123   3164   3203   3242   3283   3327   3376   3428   3487
   3552   3624   3697   3776   3858   3942   4027   4112   4195   4276   4354
   4428
   -161   -126    -94    -66    -40    -19     -2     13     24     33     40
     45     49     52     55     56     58     59     59     59     59     59
     59     59     57     56     54     51     48     44     38     31     22
     10     -3    -20    -39    -60    -83   -105   -124   -140   -148   -147
   -136   -115    -84    -44      6     65    134    209    292    380    475
    574    677    784    894   1007   1121   1237   1353   1471   1589   1707
   1825   1942   2057   2172   2283   2391   2497   2597   2691   2779   2860
   2934   3002   3062   3116   3166   3213   3259   3306   3355   3407   3463
   3525   3594   3665   3743   3824   3909   3995   4082   4169   4254   4336
   4416
   -349   -322   -291   -257   -221   -184   -147   -112    -80    -52    -26
     -5     12     25     36     45     52     57     61     64     66     68
     69     70     70     70     70     69     69     68     66     64     61
     57     52     46     38     28     16      2    -15    -32    -50    -66
    -78    -85    -83    -70    -47    -12     33     88    153    226    307
    395    487    586    688    793    902   1014   1126   1241   1358   1475
   1592   1710   1827   1945   2061   2176   2288   2398   2504   2607   2704
   2796   2881   2960   3031   3098   3158   3214   3269   3323   3378   3435
   3496   3563   3634   3709   3789   3874   3960   4049   4138   4226   4312
   4397
   -428   -420   -409   -395   -378   -356   -332   -303   -270   -235   -198
   -161   -124    -90    -59    -31     -7     12     28     40     51     59
     64     69     73     76     77     79     79     80     80     80     80
     79     77     76     73     70     66     61     54     46     36     25
     12      0    -11    -18    -21    -14      3     31     72    122    184
    255    335    421    513    611    712    817    925   1035   1148   1262
   1377   1493   1611   1728   1846   1962   2079   2193   2307   2418   2526
   2629   2728   2823   2911   2994   3070   3141   3208   3272   3334   3395
   3458   3526   3599   3671   3751   3835   3923   4012   4103   4194   4283
   4372
   -443   -441   -438   -434   -430   -424   -416   -405   -393   -376   -357
   -333   -306   -274   -240   -203   -165   -128    -93    -60    -31     -6
     15     32     46     57     66     73     78     82     85     87     89
     89     90     90     90     90     89     88     86     84     81     77
     72     66     60     53     47     43     42     48     61     86    122
    170    228    297    376    462    554    651    752    857    964   1074
   1186   1299   1414   1529   1646   1763   1880   1997   2113   2228   2341
   2452   2561   2666   2767   2864   2955   3041   3122   3199   3271   3341
   3411   3482   3557   3630   3711   3795   3882   3973   4065   4158   4250
   4342
   -438   -438   -437   -436   -435   -433   -431   -428   -425   -421   -415
   -407   -397   -385   -369   -350   -327   -300   -269   -235   -199   -162
   -124    -88    -56    -26      0     21     39     54     65     74     81
     87     91     94     96     98     99    100    101    101    101    101
    100     99     98     97     95     94     93     95     98    107    123
    147    182    229    287    356    433    519    610    708    808    913
   1020   1129   1241   1354   1467   1582   1699   1815   1932   2048   2164
   2279   2392   2504   2613   2719   2822   2920   3014   3104   3189   3270
   3349   3426   3506   3583   3665   3750   3839   3930   4024   4118   4213
   4308
   -425   -425   -425   -425   -425   -424   -424   -423   -422   -421   -419
   -417   -414   -411   -406   -400   -393   -383   -370   -355   -336   -313
   -286   -255   -221   -185   -148   -111    -75    -43    -13     12     33
     51     65     77     85     93     98    102    106    108    111    113
    114    116    117    119    121    123    125    128    133    140    150
    165    186    214    252    300    359    429    507    593    685    782
    882    987   1093   1202   1312   1425   1538   1653   1768   1883   1999
   2116   2231   2346   2459   2571   2681   2787   2891   2992   3089   3182
   3271   3357   3444   3529   3613   3701   3791   3884   3979   4076   4173
   4270
   -407   -407   -407   -407   -407   -407   -407   -406   -406   -406   -405
   -405   -404   -403   -402   -400   -398   -395   -392   -387   -380   -373
   -362   -349   -333   -314   -290   -263   -231   -198   -161   -125    -89
    -55    -23      5     29     50     66     80     91     99    106    112
    117    121    125    128    132    136    140    146    152    159    170
    182    199    221    248    284    328    381    445    518    597    684
    776    873    974   1078   1184   1292   1402   1513   1627   1740   1854
   1969   2085   2200   2315   2430   2543   2655   2765   2873   2978   3080
   3179   3275   3370   3465   3554   3645   3739   3834   3931   4029   4128
   4228
   -384   -384   -384   -384   -384   -384   -384   -384   -384   -384   -384
   -384   -384   -383   -383   -383   -382   -381   -380   -379   -377   -375
   -371   -367   -362   -355   -347   -335   -322   -305   -284   -259   -231
   -199   -165   -129    -93    -58    -26      4     29     52     70     85
     98    109    118    125    132    139    145    152    160    169    179
    192    207    226    250    280    316    360    412    473    542    619
    702    791    885    983   1084   1188   1294   1401   1511   1621   1732
   1845   1958   2073   2188   2302   2417   2531   2644   2756   2867   2976
   3082   3186   3288   3391   3486   3584   3681   3780   3879   3980   4081
   4183
   -355   -355   -355   -355   -355   -355   -355   -355   -355   -355   -355
   -355   -355   -355   -355   -355   -355   -355   -355   -354   -354   -353
   -352   -351   -350   -348   -345   -341   -337   -330   -323   -313   -301
   -285   -267   -245   -219   -189   -157   -123    -88    -53    -20     10
     37     60     81     98    112    125    136    146    157    168    180
    193    209    227    249    275    307    346    391    445    506    574
    650    732    819    912   1008   1108   1210   1314   1420   1528   1636
   1745   1855   1967   2079   2193   2306   2421   2535   2649   2762   2874
   2985   3095   3203   3311   3413   3517   3619   3722   3824   3927   4031
   4135
   -318   -318   -318   -318   -318   -318   -318   -318   -318   -318   -318
   -318   -318   -318   -318   -318   -318   -318   -318   -318   -318   -318
   -317   -317   -317   -316   -315   -315   -313   -311   -309   -306   -301
   -296   -289   -280   -269   -255   -238   -218   -194   -166   -136   -103
    -69    -36     -3     27     55     79    101    120    137    153    168
    184    201    220    242    267    297    333    374    423    478    540
    610    686    768    855    948   1045   1144   1246   1350   1455   1560
   1667   1774   1883   1993   2103   2214   2326   2440   2553   2668   2781
   2894   3006   3118   3230   3339   3446   3553   3660   3766   3872   3978
   4085
   -271   -271   -271   -271   -271   -271   -271   -271   -271   -271   -271
   -271   -271   -271   -271   -271   -271   -271   -271   -271   -271   -271
   -271   -271   -271   -270   -270   -270   -270   -269   -268   -267   -266
   -265   -262   -259   -256   -251   -244   -236   -225   -212   -197   -178
   -155   -129   -100    -69    -37     -4     28     59     87    113    137
    159    181    204    227    253    283    316    356    401    453    511
    576    647    724    808    896    991   1088   1189   1292   1396   1501
   1606   1711   1818   1925   2032   2140   2250   2360   2472   2585   2699
   2812   2925   3038   3152   3265   3376   3486   3596   3705   3815   3923
   4032
   -216   -216   -216   -216   -216   -216   -216   -216   -216   -216   -216
   -216   -216   -216   -216   -216   -216   -216   -216   -216   -216   -216
   -216   -216   -216   -216   -216   -216   -216   -216   -216   -215   -215
   -215   -214   -213   -212   -211   -208   -205   -202   -197   -191   -183
   -172   -160   -145   -126   -104    -79    -51    -21     11     44     76
    108    138    168    197    227    259    293    332    375    425    481
    542    611    685    765    850    942   1037   1136   1238   1342   1447
   1552   1658   1764   1870   1976   2083   2190   2297   2406   2516   2628
   2740   2852   2966   3079   3194   3307   3420   3533   3644   3756   3867
   3978
   -148   -148   -148   -148   -148   -148   -148   -148   -148   -148   -148
   -148   -148   -148   -148   -148   -148   -148   -148   -148   -148   -148
   -148   -148   -148   -148   -148   -148   -148   -148   -148   -148   -148
   -148   -148   -148   -147   -147   -146   -145   -144   -143   -141   -138
   -134   -129   -123   -115   -104    -91    -76    -57    -35    -10     18
     50     83    117    152    187    224    262    302    346    394    448
    507    573    644    722    806    894    988   1086   1186   1290   1395
   1501   1608   1715   1822   1929   2035   2141   2247   2354   2461   2570
   2680   2791   2902   3015   3129   3242   3357   3471   3584   3698   3810
   3923
    -67    -67    -67    -67    -67    -67    -67    -67    -67    -67    -67
    -67    -67    -67    -67    -67    -67    -67    -67    -67    -67    -67
    -67    -67    -67    -67    -67    -67    -67    -67    -67    -67    -67
    -67    -67    -67    -67    -67    -67    -67    -66    -66    -66    -65
    -63    -62    -60    -57    -52    -47    -41    -32    -20     -6     11
     32     55     83    115    149    186    226    268    313    362    414
    471    534    603    678    759    846    938   1035   1135   1238   1343
   1449   1557   1665   1774   1882   1990   2097   2204   2310   2416   2523
   2631   2739   2849   2960   3072   3184   3298   3412   3526   3641   3755
   3869
     24     24     24     24     24     24     24     24     24     24     24
     24     24     24     24     24     24     24     24     24     24     24
     24     24     24     24     24     24     24     24     24     24     24
     24     24     24     24     24     24     24     24     24     24     25
     25     26     27     28     29     31     34     37     42     49     57
     69     82     99    120    144    174    207    244    287    333    384
    439    500    565    637    715    799    888    983   1081   1184   1289
   1396   1504   1613   1723   1833   1942   2052   2161   2269   2376   2483
   2590   2697   2805   2913   3023   3134   3246   3359   3473   3587   3701
   3815
    124    124    124    124    124    124    124    124    124    124    124
    124    124    124    124    124    124    124    124    124    124    124
    124    124    124    124    124    124    124    124    124    124    124
    124    124    124    124    124    124    125    125    125    125    125
    125    125    126    126    126    127    128    129    131    134    138
    144    151    160    172    186    205    228    256    289    327    370
    420    475    537    604    677    757    842    933   1029   1129   1233
   1340   1448   1558   1669   1780   1891   2003   2114   2225   2334   2443
   2551   2658   2766   2873   2982   3091   3201   3312   3424   3537   3650
   3765
    232    232    232    232    232    232    232    232    232    232    232
    232    232    232    232    232    232    232    232    232    232    232
    232    232    232    232    232    232    232    232    232    232    232
    232    232    232    232    232    232    232    232    232    232    232
    232    232    232    233    234    234    234    235    235    237    238
    241    245    250    256    264    275    289    307    329    356    390
    429    475    528    587    653    726    806    891    983   1079   1180
   1285   1392   1502   1613   1725   1838   1951   2064   2176   2288   2400
   2510   2620   2728   2837   2945   3053   3161   3271   3381   3492   3604
   3717
    345    345    345    345    345    345    345    345    345    345    345
    345    345    345    345    345    345    345    345    345    345    345
    345    345    345    345    345    345    345    345    345    345    345
    345    345    345    345    345    345    345    345    345    345    345
    345    345    345    345    346    346    346    346    348    348    349
    350    353    355    358    362    369    378    389    402    420    442
    471    505    545    594    650    714    784    862    947   1037   1133
   1234   1339   1446   1556   1668   1781   1895   2009   2124   2238   2352
   2465   2577   2688   2798   2908   3017   3125   3234   3343   3453   3563
   3675
    460    460    460    460    460    460    460    460    460    460    460
    460    460    460    460    460    460    460    460    460    460    460
    460    460    460    460    460    460    460    460    460    460    460
    460    460    460    460    460    460    460    460    460    460    460
    460    460    460    460    460    461    462    462    462    463    464
    465    466    468    470    473    476    481    487    496    507    522
    540    564    594    630    673    724    784    852    927   1009   1098
   1193   1292   1396   1503   1613   1725   1838   1953   2068   2184   2299
   2414   2529   2643   2756   2867   2978   3089   3198   3307   3417   3526
   3636
    579    579    579    579    579    579    579    579    579    579    579
    579    579    579    579    579    579    579    579    579    579    579
    579    579    579    579    579    579    579    579    579    579    579
    579    579    579    579    579    579    579    579    579    579    579
    579    579    579    579    579    579    579    579    579    580    580
    581    582    584    585    588    590    593    597    602    610    619
    631    647    667    692    723    762    809    863    927    998   1078
   1164   1257   1355   1457   1563   1673   1784   1898   2013   2128   2244
   2361   2477   2593   2708   2823   2936   3049   3160   3271   3381   3490
   3600
    701    701    701    701    701    701    701    701    701    701    701
    701    701    701    701    701    701    701    701    701    701    701
    701    701    701    701    701    701    701    701    701    701    701
    701    701    701    701    701    701    701    701    701    701    701
    701    701    701    701    701    701    702    702    702    702    702
    703    703    704    705    706    709    710    714    718    722    728
    736    746    760    777    798    826    860    902    951   1010   1077
   1152   1235   1325   1421   1522   1627   1735   1846   1960   2074   2190
   2307   2424   2541   2658   2774   2890   3005   3119   3231   3343   3454
   3564
    846    846    846    846    846    846    846    846    846    846    846
    846    846    846    846    846    846    846    846    846    846    846
    846    846    846    846    846    846    846    846    846    846    846
    846    846    846    846    846    846    846    846    846    846    846
    846    846    846    846    847    847    847    847    847    847    847
    847    848    848    848    849    850    852    854    856    859    864
    869    876    884    895    909    927    950    979   1015   1057   1109
   1170   1239   1316   1401   1493   1591   1694   1801   1911   2024   2138
   2254   2371   2488   2606   2723   2841   2957   3073   3188   3302   3415
   3527
   1039   1039   1039   1039   1039   1039   1039   1039   1039   1039   1039
   1039   1039   1039   1039   1039   1039   1039   1039   1039   1039   1039
   1039   1039   1039   1039   1039   1039   1039   1039   1039   1039   1039
   1039   1039   1039   1039   1039   1039   1039   1039   1039   1039   1039
   1039   1039   1039   1039   1039   1039   1039   1039   1039   1039   1039
   1039   1039   1039   1040   1040   1041   1041   1042   1043   1045   1047
   1049   1054   1060   1066   1075   1085   1098   1116   1137   1165   1200
   1242   1293   1351   1419   1496   1581   1673   1771   1874   1981   2092
   2205   2320   2436   2553   2671   2789   2907   3024   3141   3257   3372
   3486
   1278   1278   1278   1278   1278   1278   1278   1278   1278   1278   1278
   1278   1278   1278   1278   1278   1278   1278   1278   1278   1278   1278
   1278   1278   1278   1278   1278   1278   1278   1278   1278   1278   1278
   1278   1278   1278   1278   1278   1278   1278   1278   1278   1278   1278
   1278   1278   1278   1278   1278   1278   1278   1278   1278   1278   1278
   1278   1278   1278   1278   1279   1279   1279   1280   1280   1281   1282
   1283   1285   1288   1291   1295   1300   1308   1316   1328   1343   1362
   1387   1417   1455   1501   1556   1620   1694   1774   1863   1959   2061
   2167   2277   2390   2504   2620   2737   2855   2973   3092   3209   3326
   3442
   1542   1542   1542   1542   1542   1542   1542   1542   1542   1542   1542
   1542   1542   1542   1542   1542   1542   1542   1542   1542   1542   1542
   1542   1542   1542   1542   1542   1542   1542   1542   1542   1542   1542
   1542   1542   1542   1542   1542   1542   1542   1542   1542   1542   1542
   1542   1542   1542   1542   1542   1542   1542   1542   1542   1542   1542
   1542   1542   1542   1542   1543   1543   1543   1543   1543   1544   1544
   1544   1545   1546   1547   1549   1551   1554   1558   1563   1570   1580
   1592   1608   1628   1653   1686   1726   1778   1834   1902   1978   2064
   2156   2255   2359   2467   2578   2692   2807   2924   3042   3160   3278
   3395
   1804   1804   1804   1804   1804   1804   1804   1804   1804   1804   1804
   1804   1804   1804   1804   1804   1804   1804   1804   1804   1804   1804
   1804   1804   1804   1804   1804   1804   1804   1804   1804   1804   1804
   1804   1804   1804   1804   1804   1804   1804   1804   1804   1804   1804
   1804   1804   1804   1804   1804   1804   1804   1804   1804   1804   1804
   1804   1804   1804   1804   1804   1805   1805   1805   1805   1805   1805
   1805   1805   1806   1806   1806   1808   1808   1810   1812   1814   1818
   1823   1830   1840   1852   1867   1889   1920   1955   1999   2052   2116
   2188   2269   2358   2454   2555   2661   2770   2882   2997   3113   3229
   3347
   2050   2050   2050   2050   2050   2050   2050   2050   2050   2050   2050
   2050   2050   2050   2050   2050   2050   2050   2050   2050   2050   2050
   2050   2050   2050   2050   2050   2050   2050   2050   2050   2050   2050
   2050   2050   2050   2050   2050   2050   2050   2050   2050   2050   2050
   2050   2050   2050   2050   2050   2050   2050   2050   2050   2050   2050
   2050   2050   2050   2050   2050   2050   2050   2051   2051   2051   2050
   2050   2050   2050   2051   2050   2051   2051   2051   2052   2052   2053
   2054   2057   2061   2066   2072   2082   2099   2121   2143   2176   2218
   2269   2328   2397   2474   2560   2652   2751   2855   2963   3073   3186
   3301
   2277   2277   2277   2277   2277   2277   2277   2277   2277   2277   2277
   2277   2277   2277   2277   2277   2277   2277   2277   2277   2277   2277
   2277   2277   2277   2277   2277   2277   2277   2277   2277   2277   2277
   2277   2277   2277   2277   2277   2277   2277   2277   2277   2277   2277
   2277   2277   2277   2277   2277   2277   2277   2277   2277   2277   2277
   2277   2277   2277   2277   2277   2277   2277   2277   2277   2277   2277
   2277   2277   2277   2277   2277   2276   2277   2276   2276   2275   2276
   2275   2276   2277   2277   2280   2282   2290   2306   2313   2332   2357
   2389   2428   2476   2533   2599   2673   2756   2847   2944   3046   3152
   3262
   2486   2486   2486   2486   2486   2486   2486   2486   2486   2486   2486
   2486   2486   2486   2486   2486   2486   2486   2486   2486   2486   2486
   2486   2486   2486   2486   2486   2486   2486   2486   2486   2486   2486
   2486   2486   2486   2486   2486   2486   2486   2486   2486   2486   2486
   2486   2486   2486   2486   2486   2486   2486   2486   2486   2486   2486
   2486   2486   2486   2486   2487   2487   2487   2487   2487   2487   2486
   2486   2486   2486   2486   2485   2485   2485   2485   2484   2483   2483
   2482   2481   2481   2480   2479   2479   2481   2490   2492   2501   2515
   2533   2558   2588   2626   2672   2727   2791   2864   2945   3034   3130
   3232
   2680   2680   2680   2680   2680   2680   2680   2680   2680   2680   2680
   2680   2680   2680   2680   2680   2680   2680   2680   2680   2680   2680
   2680   2680   2680   2680   2680   2680   2680   2680   2680   2680   2680
   2680   2680   2680   2680   2680   2680   2680   2680   2680   2680   2680
   2680   2680   2680   2680   2680   2680   2680   2680   2680   2680   2680
   2680   2680   2680   2680   2680   2680   2680   2680   2680   2680   2680
   2679   2679   2679   2680   2679   2679   2679   2678   2677   2677   2675
   2674   2673   2672   2670   2668   2666   2665   2670   2669   2673   2680
   2690   2703   2722   2745   2774   2811   2856   2909   2972   3045   3126
   3215
   2860   2860   2860   2860   2860   2860   2860   2860   2860   2860   2860
   2860   2860   2860   2860   2860   2860   2860   2860   2860   2860   2860
   2860   2860   2860   2860   2860   2860   2860   2860   2860   2860   2860
   2860   2860   2860   2860   2860   2860   2860   2860   2860   2860   2860
   2860   2860   2860   2860   2860   2860   2860   2860   2860   2860   2860
   2860   2860   2860   2860   2860   2860   2860   2860   2860   2860   2860
   2860   2859   2859   2859   2859   2858   2859   2858   2857   2856   2855
   2854   2852   2851   2849   2847   2843   2840   2842   2846   2842   2844
   2849   2856   2866   2879   2896   2918   2947   2982   3026   3080   3143
   3216
   3028   3028   3028   3028   3028   3028   3028   3028   3028   3028   3028
   3028   3028   3028   3028   3028   3028   3028   3028   3028   3028   3028
   3028   3028   3028   3028   3028   3028   3028   3028   3028   3028   3028
   3028   3028   3028   3028   3028   3028   3028   3028   3028   3028   3028
   3028   3028   3028   3028   3028   3028   3028   3028   3028   3028   3028
   3028   3028   3028   3028   3028   3028   3028   3028   3028   3028   3028
   3028   3028   3028   3028   3027   3027   3026   3026   3025   3025   3024
   3022   3020   3019   3017   3014   3011   3007   3007   3012   3004   3004
   3006   3009   3013   3020   3029   3041   3057   3078   3105   3140   3184
   3238
   3187   3187   3187   3187   3187   3187   3187   3187   3187   3187   3187
   3187   3187   3187   3187   3187   3187   3187   3187   3187   3187   3187
   3187   3187   3187   3187   3187   3187   3187   3187   3187   3187   3187
   3187   3187   3187   3187   3187   3187   3187   3187   3187   3187   3187
   3187   3187   3187   3187   3187   3187   3187   3187   3187   3187   3187
   3187   3187   3187   3187   3186   3186   3186   3186   3186   3186   3186
   3186   3186   3186   3186   3185   3185   3185   3184   3183   3182   3181
   3180   3178   3177   3175   3172   3168   3164   3162   3165   3158   3158
   3158   3158   3160   3162   3166   3171   3178   3189   3202   3222   3248
   3284
   3335   3335   3335   3335   3335   3335   3335   3335   3335   3335   3335
   3335   3335   3335   3335   3335   3335   3335   3335   3335   3335   3335
   3335   3335   3335   3335   3335   3335   3335   3335   3335   3335   3335
   3335   3335   3335   3335   3335   3335   3335   3335   3335   3335   3335
   3335   3335   3335   3335   3335   3335   3335   3335   3335   3335   3335
   3335   3335   3335   3335   3335   3335   3335   3335   3335   3335   3335
   3335   3335   3335   3335   3334   3334   3334   3333   3332   3331   3330
   3329   3328   3326   3324   3321   3317   3314   3311   3312   3307   3304
   3303   3303   3303   3302   3302   3303   3305   3308   3313   3320   3332
   3350
   3476   3476   3476   3476   3476   3476   3476   3476   3476   3476   3476
   3476   3476   3476   3476   3476   3476   3476   3476   3476   3476   3476
   3476   3476   3476   3476   3476   3476   3476   3476   3476   3476   3476
   3476   3476   3476   3476   3476   3476   3476   3476   3476   3476   3476
   3476   3476   3476   3476   3476   3476   3476   3476   3476   3476   3476
   3476   3476   3476   3476   3476   3476   3476   3476   3476   3476   3476
   3476   3475   3475   3475   3475   3475   3474   3474   3473   3472   3471
   3469   3468   3466   3465   3462   3459   3454   3451   3451   3451   3444
   3442   3440   3439   3438   3436   3434   3432   3431   3428   3428   3430
   3434
   3608   3608   3608   3608   3608   3608   3608   3608   3608   3608   3608
   3608   3608   3608   3608   3608   3608   3608   3608   3608   3608   3608
   3608   3608   3608   3608   3608   3608   3608   3608   3608   3608   3608
   3608   3608   3608   3608   3608   3608   3608   3608   3608   3608   3608
   3608   3608   3608   3608   3608   3608   3608   3608   3608   3608   3608
   3608   3608   3608   3608   3608   3608   3608   3608   3608   3608   3608
   3608   3608   3608   3608   3607   3607   3607   3606   3606   3605   3604
   3602   3601   3599   3597   3595   3593   3588   3584   3582   3587   3577
   3573   3572   3570   3567   3564   3561   3557   3552   3546   3540   3534
   3530
